-1604168.0270547403 0.6	14	14	10	0.010000000000000002
-1979027.2642968965 0.6	14	14	-5	0.010000000000000002
-3299246.606098846 0.6	14	14	14	0.010000000000000002
-284367.1605227316 0.6	14	-5	10	0.010000000000000002
-1980453.714989311 0.6	14	-5	-5	0.010000000000000002
-1979196.4878361558 0.6	14	-5	14	0.010000000000000002
-1603815.2979652032 0.6	14	10	10	0.010000000000000002
-284752.206971188 0.6	14	10	-5	0.010000000000000002
-1605061.3584726108 0.6	14	10	14	0.010000000000000002
-1603745.5567647868 0.6	10	14	10	0.010000000000000002
-286068.0086790094 0.6	10	14	-5	0.010000000000000002
-1606870.492366379 0.6	10	14	14	0.010000000000000002
-864194.4063227342 0.6	10	-5	10	0.010000000000000002
-867087.8154609211 0.6	10	-5	-5	0.010000000000000002
-286452.6546185759 0.6	10	-5	14	0.010000000000000002
-2183766.5795987407 0.6	10	10	10	0.010000000000000002
-864364.4543491274 0.6	10	10	-5	0.010000000000000002
-1604168.0270547403 0.6	10	10	14	0.010000000000000002
-285025.34902978817 0.6	-5	14	10	0.010000000000000002
-1979355.8808365983 0.6	-5	14	-5	0.010000000000000002
-1980084.8513920126 0.6	-5	14	14	0.010000000000000002
-864364.4543491274 0.6	-5	-5	10	0.010000000000000002
-2927226.2783168764 0.6	-5	-5	-5	0.010000000000000002
-1979027.2642968965 0.6	-5	-5	14	0.010000000000000002
-864819.7043053748 0.6	-5	10	10	0.010000000000000002
-865171.4807717568 0.6	-5	10	-5	0.010000000000000002
-285795.04428900627 0.6	-5	10	14	0.010000000000000002
-1604168.0270547403 0.4	14	14	10	0.010000000000000002
-1979027.2642968965 0.4	14	14	-5	0.010000000000000002
-3299246.606098846 0.4	14	14	14	0.010000000000000002
-284367.1605227316 0.4	14	-5	10	0.010000000000000002
-1980453.714989311 0.4	14	-5	-5	0.010000000000000002
-1979196.4878361558 0.4	14	-5	14	0.010000000000000002
-1603815.2979652032 0.4	14	10	10	0.010000000000000002
-284752.206971188 0.4	14	10	-5	0.010000000000000002
-1605061.3584726108 0.4	14	10	14	0.010000000000000002
-1603745.5567647868 0.4	10	14	10	0.010000000000000002
-286068.0086790094 0.4	10	14	-5	0.010000000000000002
-1606870.492366379 0.4	10	14	14	0.010000000000000002
-864194.4063227342 0.4	10	-5	10	0.010000000000000002
-867087.8154609211 0.4	10	-5	-5	0.010000000000000002
-286452.6546185759 0.4	10	-5	14	0.010000000000000002
-2183766.5795987407 0.4	10	10	10	0.010000000000000002
-864364.4543491274 0.4	10	10	-5	0.010000000000000002
-1604168.0270547403 0.4	10	10	14	0.010000000000000002
-285025.34902978817 0.4	-5	14	10	0.010000000000000002
-1979355.8808365983 0.4	-5	14	-5	0.010000000000000002
-1980084.8513920126 0.4	-5	14	14	0.010000000000000002
-864364.4543491274 0.4	-5	-5	10	0.010000000000000002
-2927226.2783168764 0.4	-5	-5	-5	0.010000000000000002
-1979027.2642968965 0.4	-5	-5	14	0.010000000000000002
-864819.7043053748 0.4	-5	10	10	0.010000000000000002
-865171.4807717568 0.4	-5	10	-5	0.010000000000000002
-285795.04428900627 0.4	-5	10	14	0.010000000000000002
